density.ecsv
# %ECSV 1.0
# ---
# datatype:
# - {name: ra, unit: deg, datatype: float64}
# - {name: dec, unit: deg, datatype: float64}
# - {name: density, datatype: float64}
# schema: astropy-2.0
ra dec density
[from data line 9869]
16911.9661054293 1837.9347026874623 368694.7090579877
16999.366447059423 1837.9347026874623 339759.47948730557
17086.76678868955 1837.9347026874623 359737.7325246739
17174.167130319678 1837.9347026874623 301226.65845038
17261.567471949802 1837.9347026874623 197475.052653625
17348.967813579926 1837.9347026874623 87634.11097744097
17436.36815521005 1837.9347026874623 53389.07102050246
17523.768496840177 1837.9347026874623 151247.68527252378
17611.1688384703 1837.9347026874623 153942.20554814517
17698.569180100425 1837.9347026874623 122202.90602631395
17785.969521730556 1837.9347026874623 92530.60396844447
17873.369863360684 1837.9347026874623 90799.4597842197
17960.770204990808 1837.9347026874623 97574.66543651026
18048.17054662093 1837.9347026874623 71595.79889412074
18135.57088825106 1837.9347026874623 55092.34049600641
18222.97122988118 1837.9347026874623 64275.76621932023
18310.371571511307 1837.9347026874623 54922.09041453127
18397.771913141434 1837.9347026874623 40168.47532888236
18485.17225477156 1837.9347026874623 34930.132001656966
18572.572596401682 1837.9347026874623 35045.730144285975
18659.972938031813 1837.9347026874623 31580.328033654532
18747.373279661937 1837.9347026874623 25477.59548623519
18834.77362129206 1837.9347026874623 22738.33793908239
18922.17396292219 1837.9347026874623 24013.946838563475
19009.574304552312 1837.9347026874623 19463.734089894577
19096.974646182443 1837.9347026874623 19242.73649052007
19184.374987812567 1837.9347026874623 17020.043756458632
19271.775329442688 1837.9347026874623 14737.483384461682
19359.17567107281 1837.9347026874623 14050.595010529694
19446.57601270294 1837.9347026874623 14736.236076575851
19533.976354333066 1837.9347026874623 15985.161876969385
19621.376695963194 1837.9347026874623 13182.848702943425
19708.77703759332 1837.9347026874623 11586.515769280766
19796.17737922344 1837.9347026874623 10530.745018940055
19883.57772085357 1837.9347026874623 9609.9146239555
19970.978062483693 1837.9347026874623 8981.052924087327
20058.37840411382 1837.9347026874623 7583.244203144534
20145.778745743948 1837.9347026874623 8148.725828517093
20233.17908737407 1837.9347026874623 8539.0239377642
20320.579429004196 1837.9347026874623 8575.91265044572
20407.979770634323 1837.9347026874623 8316.69364088977
20495.380112264444 1837.9347026874623 7485.224214933599
20582.780453894575 1837.9347026874623 8923.405263256334
0.0 1794.3373038739896 6966.789314805434
87.40034163012557 1794.3373038739896 5701.156358621893
174.80068326025113 1794.3373038739896 6485.300001581632
262.2010248903767 1794.3373038739896 7302.720825200156
349.60136652050227 1794.3373038739896 5019.222876118752
437.0017081506279 1794.3373038739896 6082.4941342984885
524.4020497807534 1794.3373038739896 6121.734130559235
611.8023914108791 1794.3373038739896 6291.410684023274
699.2027330410045 1794.3373038739896 7035.1152875547805
786.6030746711301 1794.3373038739896 5821.226789383738
874.0034163012558 1794.3373038739896 5793.6849701109895
961.4037579313813 1794.3373038739896 5646.032702804784
1048.8040995615067 1794.3373038739896 5531.730682433646
1136.2044411916327 1794.3373038739896 5791.137632149451
1223.6047828217581 1794.3373038739896 6688.9757593365075
1311.0051244518836 1794.3373038739896 5670.573142468569
1398.405466082009 1794.3373038739896 4911.037586688414
1485.805807712135 1794.3373038739896 6318.575519102046
1573.2061493422602 1794.3373038739896 5100.105459393746
1660.606490972386 1794.3373038739896 5448.788025084062
1748.0068326025116 1794.3373038739896 6191.1897941447405
1835.4071742326373 1794.3373038739896 5994.286124204259
1922.8075158627626 1794.3373038739896 8704.26775916831
2010.207857492888 1794.3373038739896 7184.520963651688
2097.6081991230135 1794.3373038739896 5750.4042042456485
2185.008540753139 1794.3373038739896 7777.425032865718
2272.4088823832653 1794.3373038739896 7207.698268394069
2359.80922401339 1794.3373038739896 7824.726585094324
2447.2095656435163 1794.3373038739896 7421.209005794337
2534.609907273641 1794.3373038739896 6597.256063267507
2622.010248903767 1794.3373038739896 7820.17158877338
2709.4105905338924 1794.3373038739896 7904.212504004205
2796.810932164018 1794.3373038739896 7620.905600417423
2884.2112737941443 1794.3373038739896 8446.961593165242
2971.61161542427 1794.3373038739896 7248.256067922602
3059.0119570543957 1794.3373038739896 1060.349279418758
3146.4122986845205 1794.3373038739896 3342.30145439268
3233.8126403146466 1794.3373038739896 9671.653794192192
3321.212981944772 1794.3373038739896 13950.691052046377
3408.6133235748975 1794.3373038739896 16423.582697671656
3496.0136652050232 1794.3373038739896 17846.03505957981
3583.4140068351476 1794.3373038739896 18424.5330339381
3670.8143484652746 1794.3373038739896 23151.386791405617
3758.2146900953994 1794.3373038739896 19213.720172241003
3845.615031725525 1794.3373038739896 13586.267440786036
3933.0153733556513 1794.3373038739896 19625.346669478025
4020.415714985776 1794.3373038739896 19703.88652158443
4107.816056615903 1794.3373038739896 17904.711170037903
4195.216398246027 1794.3373038739896 20680.349107215196
4282.616739876153 1794.3373038739896 27386.86109849534
4370.017081506278 1794.3373038739896 37784.836943616625
4457.417423136404 1794.3373038739896 36473.306422183276
4544.817764766531 1794.3373038739896 33490.39518257055
4632.2181063966555 1794.3373038739896 40103.20924641229
4719.61844802678 1794.3373038739896 43136.727356483665
4807.018789656907 1794.3373038739896 32825.36254372265
4894.4191312870325 1794.3373038739896 30694.689441745235
4981.819472917158 1794.3373038739896 48306.71872991687
5069.219814547282 1794.3373038739896 49364.06940043645
5156.62015617741 1794.3373038739896 49074.95290556771
5244.020497807534 1794.3373038739896 28909.493273060474
5331.42083943766 1794.3373038739896 26798.754038522417
5418.821181067785 1794.3373038739896 33798.76514907257
5506.2215226979115 1794.3373038739896 27242.449842320704
5593.621864328036 1794.3373038739896 29167.929102554648
5681.022205958163 1794.3373038739896 21386.922950933116
5768.422547588289 1794.3373038739896 19416.77296994678
5855.822889218414 1794.3373038739896 21268.22692771479
5943.22323084854 1794.3373038739896 17991.21332114864
6030.623572478665 1794.3373038739896 14175.06900635312
6118.023914108791 1794.3373038739896 14910.927947416418
6205.424255738916 1794.3373038739896 18415.688083435525
6292.824597369041 1794.3373038739896 11550.773776773007
6380.224938999167 1794.3373038739896 9486.054191467178
6467.625280629293 1794.3373038739896 8677.912265394025
6555.025622259419 1794.3373038739896 9460.972604465516
6642.425963889544 1794.3373038739896 8457.044132054083
6729.82630551967 1794.3373038739896 8709.74434813214
6817.226647149795 1794.3373038739896 8211.796789624206
6904.626988779921 1794.3373038739896 6453.930215942926
6992.0273304100465 1794.3373038739896 6766.796706713093
7079.427672040172 1794.3373038739896 5736.980868198377
7166.828013670295 1794.3373038739896 5022.137196445084
7254.228355300424 1794.3373038739896 3957.2360531499403
7341.628696930549 1794.3373038739896 4539.406503871378
7429.029038560675 1794.3373038739896 4212.372494291412
7516.429380190799 1794.3373038739896 4368.5495073634975
7603.8297218209245 1794.3373038739896 4242.026800445153
7691.23006345105 1794.3373038739896 3815.2008442693405
7778.630405081177 1794.3373038739896 4036.7557728360994
7866.0307467113025 1794.3373038739896 3511.019039958777
7953.431088341426 1794.3373038739896 2674.2477571924205
8040.831429971552 1794.3373038739896 3262.152866861032
8128.231771601677 1794.3373038739896 2681.559391688739
8215.632113231806 1794.3373038739896 3056.2482425394246
8303.03245486193 1794.3373038739896 2995.11815260101
8390.432796492054 1794.3373038739896 2866.2429109055124
8477.833138122181 1794.3373038739896 3032.0519061933974
8565.233479752305 1794.3373038739896 3030.628040250463
8652.633821382433 1794.3373038739896 2336.1210257553407
8740.034163012557 1794.3373038739896 2908.583335032913
8827.434504642684 1794.3373038739896 2872.258425288267
8914.834846272808 1794.3373038739896 2478.0418116524124
9002.235187902934 1794.3373038739896 2928.651872631405
9089.635529533061 1794.3373038739896 1937.348104283949
9177.035871163185 1794.3373038739896 1956.859073361248
9264.436212793311 1794.3373038739896 2647.8672254421977
9351.836554423437 1794.3373038739896 2325.785080387826
9439.23689605356 1794.3373038739896 1823.8755023283868
9526.637237683686 1794.3373038739896 2202.935792581669
9614.037579313814 1794.3373038739896 1931.9965283407428
9701.43792094394 1794.3373038739896 1952.2215233228003
9788.838262574065 1794.3373038739896 1762.1220681886793
9876.238604204189 1794.3373038739896 1858.2232663460186
9963.638945834316 1794.3373038739896 1884.3444469083965
10051.039287464442 1794.3373038739896 2165.8662033566848
10138.439629094564 1794.3373038739896 2244.98396230947
10225.839970724694 1794.3373038739896 2360.8795823561827
10313.24031235482 1794.3373038739896 1694.141861783253
10400.640653984943 1794.3373038739896 1883.0251303820294
10488.040995615069 1794.3373038739896 2207.3442122465913
10575.441337245196 1794.3373038739896 2735.20489310778
10662.84167887532 1794.3373038739896 2913.190934841903
10750.242020505446 1794.3373038739896 2486.0656764252963
10837.64236213557 1794.3373038739896 2069.4773053110234
10925.042703765697 1794.3373038739896 3035.807937694978
11012.443045395823 1794.3373038739896 2303.131241160748
11099.843387025947 1794.3373038739896 3051.76482282337
11187.243728656073 1794.3373038739896 2816.1558891700247
11274.6440702862 1794.3373038739896 2640.3975278847597
11362.044411916326 1794.3373038739896 3130.9496514585826
11449.444753546451 1794.3373038739896 2431.5485453022425
11536.845095176577 1794.3373038739896 2717.1968706875455
11624.245436806703 1794.3373038739896 2053.6701840664978
11711.645778436829 1794.3373038739896 2798.403691156453
11799.04612006695 1794.3373038739896 2833.0589489510053
11886.44646169708 1794.3373038739896 3267.6813685575403
11973.846803327204 1794.3373038739896 2933.074031755841
12061.24714495733 1794.3373038739896 2625.9382334359752
12148.647486587455 1794.3373038739896 2648.2825398204673
12236.047828217583 1794.3373038739896 3011.97624744708
12323.448169847707 1794.3373038739896 2827.7884934247895
12410.848511477832 1794.3373038739896 3426.614465666542
12498.24885310796 1794.3373038739896 3295.66526903784
12585.649194738082 1794.3373038739896 3964.428822301952
12673.049536368208 1794.3373038739896 4428.662171794188
12760.449877998333 1794.3373038739896 4618.773410942046
12847.85021962846 1794.3373038739896 4214.61077069696
12935.250561258586 1794.3373038739896 3006.4479648615043
13022.65090288871 1794.3373038739896 3998.8911768591856
13110.051244518838 1794.3373038739896 4393.384291711116
13197.451586148962 1794.3373038739896 5289.496438244229
13284.851927779087 1794.3373038739896 3901.671708448979
13372.252269409215 1794.3373038739896 5786.9033070377345
13459.65261103934 1794.3373038739896 4449.4287490724155
13547.052952669463 1794.3373038739896 5126.20373354744
13634.45329429959 1794.3373038739896 5405.673735305631
13721.853635929714 1794.3373038739896 5222.077177737228
13809.253977559842 1794.3373038739896 4883.86926655414
13896.654319189967 1794.3373038739896 4999.997556912053
13984.054660820093 1794.3373038739896 5534.046732631374
14071.455002450219 1794.3373038739896 6423.567855928597
14158.855344080344 1794.3373038739896 6699.544418820033
14246.255685710468 1794.3373038739896 6974.188943373402
14333.65602734059 1794.3373038739896 7600.907668093174
14421.056368970718 1794.3373038739896 8397.154514566893
14508.456710600847 1794.3373038739896 8425.59230288457
14595.857052230971 1794.3373038739896 8083.084936482225
14683.257393861099 1794.3373038739896 9639.946864696765
14770.657735491224 1794.3373038739896 9671.62714111981
14858.05807712135 1794.3373038739896 10298.879931582045
14945.458418751472 1794.3373038739896 12384.387395315734
15032.858760381598 1794.3373038739896 11896.788701606725
15120.259102011723 1794.3373038739896 14345.44879045803
15207.659443641849 1794.3373038739896 12841.758221697473
15295.059785271975 1794.3373038739896 13278.78046369096
15382.4601269021 1794.3373038739896 20580.3098166047
15469.860468532228 1794.3373038739896 17802.102703607965
15557.260810162354 1794.3373038739896 19769.492719164184
15644.66115179248 1794.3373038739896 27544.143458181297
15732.061493422605 1794.3373038739896 29006.486488969967
15819.46183505273 1794.3373038739896 32757.798543723886
15906.862176682853 1794.3373038739896 31744.57543530995
15994.262518312979 1794.3373038739896 30978.84216990939
16081.662859943104 1794.3373038739896 46699.65983599338
16169.06320157323 1794.3373038739896 42587.95388683496
16256.463543203354 1794.3373038739896 49226.036564574846
16343.863884833483 1794.3373038739896 64310.25847118912
16431.264226463612 1794.3373038739896 73453.03019173397
16518.664568093733 1794.3373038739896 98962.04760021136
16606.06490972386 1794.3373038739896 92818.90818000745
16693.465251353984 1794.3373038739896 137832.4523757617
16780.865592984108 1794.3373038739896 224004.6601525966
16868.265934614235 1794.3373038739896 290147.6105451125
16955.666276244363 1794.3373038739896 472071.0287306345
17043.06661787449 1794.3373038739896 423903.7400579985
17130.46695950461 1794.3373038739896 344501.663348323
17217.867301134735 1794.3373038739896 234165.56163753758
17305.267642764866 1794.3373038739896 92072.23661657175
17392.66798439499 1794.3373038739896 51840.26411316401
17480.068326025113 1794.3373038739896 185128.01378609528
17567.46866765524 1794.3373038739896 136653.24159152797
17654.86900928537 1794.3373038739896 137828.66478674056
17742.269350915492 1794.3373038739896 117269.69148776245
17829.669692545616 1794.3373038739896 73716.06782501584
17917.07003417574 1794.3373038739896 91747.97627029162
18004.470375805868 1794.3373038739896 82303.47103215379
18091.87071743599 1794.3373038739896 64851.676467243335
18179.271059066123 1794.3373038739896 46998.7369403621
18266.671400696247 1794.3373038739896 46627.79039235613
18354.07174232637 1794.3373038739896 46191.54874219214
18441.472083956498 1794.3373038739896 35741.802515209005
18528.872425586622 1794.3373038739896 26877.378815843946
18616.27276721675 1794.3373038739896 29031.897491800428
18703.673108846873 1794.3373038739896 28398.54699356518
18791.073450476997 1794.3373038739896 23359.213968497363
18878.47379210712 1794.3373038739896 19473.981075330994
18965.87413373725 1794.3373038739896 21174.029115954352
19053.274475367372 1794.3373038739896 19914.011561777494
19140.674816997504 1794.3373038739896 18355.505009788216
19228.075158627627 1794.3373038739896 15608.168004896723
19315.47550025775 1794.3373038739896 12963.56113721385
19402.87584188788 1794.3373038739896 13436.513611342618
19490.276183518003 1794.3373038739896 12431.73479281341
19577.67652514813 1794.3373038739896 11950.345645106203
19665.076866778254 1794.3373038739896 9953.551804405186
19752.477208408378 1794.3373038739896 9652.677186224391
19839.877550038505 1794.3373038739896 9184.273851537444
19927.277891668633 1794.3373038739896 8987.007954884479
20014.678233298753 1794.3373038739896 7531.587939401954
20102.078574928884 1794.3373038739896 8385.828097990825
20189.478916559012 1794.3373038739896 7806.442655807423
20276.87925818913 1794.3373038739896 7798.829158255419
20364.27959981926 1794.3373038739896 7595.050226367938
20451.679941449387 1794.3373038739896 7332.170373293745
20539.080283079515 1794.3373038739896 6996.496124248937
43.70017081506278 1751.0893899709947 6261.996684959178
131.10051244518834 1751.0893899709947 6074.805663570817
218.50085407531395 1751.0893899709947 6390.998316790835
305.90119570543953 1751.0893899709947 5396.958793122486
393.30153733556506 1751.0893899709947 7130.136335429952
480.70187896569064 1751.0893899709947 5388.174935680918
568.1022205958163 1751.0893899709947 6114.534767533642
655.5025622259418 1751.0893899709947 6413.280288781843
