density.ecsv
# %ECSV 1.0
# ---
# datatype:
# - {name: ra, unit: deg, datatype: float64}
# - {name: dec, unit: deg, datatype: float64}
# - {name: density, datatype: float64}
# schema: astropy-2.0
ra dec density
[from data line 26914]
874.0034163012558 -978.8819822308657 2663.1497592559294
961.4037579313813 -978.8819822308657 2691.873168166309
1048.8040995615067 -978.8819822308657 2683.019512890674
1136.2044411916327 -978.8819822308657 3056.963350488286
1223.6047828217581 -978.8819822308657 2648.099159603654
1311.0051244518836 -978.8819822308657 2054.472379922697
1398.405466082009 -978.8819822308657 2415.2241042248365
1485.805807712135 -978.8819822308657 2210.6421928870473
1573.2061493422602 -978.8819822308657 2126.7679818035804
1660.606490972386 -978.8819822308657 2502.384166118546
1748.0068326025116 -978.8819822308657 2397.4808166539574
1835.4071742326373 -978.8819822308657 2084.033072777193
1922.8075158627626 -978.8819822308657 1882.3927824567575
2010.207857492888 -978.8819822308657 2403.6178896045976
2097.6081991230135 -978.8819822308657 2052.792702943165
2185.008540753139 -978.8819822308657 2396.9743940511985
2272.4088823832653 -978.8819822308657 1802.3004207110719
2359.80922401339 -978.8819822308657 2054.260163453363
2447.2095656435163 -978.8819822308657 2058.1918674169283
2534.609907273641 -978.8819822308657 1866.3357820919173
2622.010248903767 -978.8819822308657 2585.9256268383115
2709.4105905338924 -978.8819822308657 2786.709396502949
2796.810932164018 -978.8819822308657 2624.7813823911047
2884.2112737941443 -978.8819822308657 2618.4549041800287
2971.61161542427 -978.8819822308657 2983.7828951839665
3059.0119570543957 -978.8819822308657 2516.874647219124
3146.4122986845205 -978.8819822308657 2675.586401121023
3233.8126403146466 -978.8819822308657 2844.377326691299
3321.212981944772 -978.8819822308657 3124.697085106882
3408.6133235748975 -978.8819822308657 3482.9354840843043
3496.0136652050232 -978.8819822308657 3676.9860730405376
3583.4140068351476 -978.8819822308657 3755.29989294954
3670.8143484652746 -978.8819822308657 3840.2792566959492
3758.2146900953994 -978.8819822308657 4157.911160293511
3845.615031725525 -978.8819822308657 3961.901864582202
3933.0153733556513 -978.8819822308657 4550.150958136044
4020.415714985776 -978.8819822308657 5484.324394239157
4107.816056615903 -978.8819822308657 5078.853032435683
4195.216398246027 -978.8819822308657 4876.4836232505195
4282.616739876153 -978.8819822308657 6141.298826643165
4370.017081506278 -978.8819822308657 6012.17144836454
4457.417423136404 -978.8819822308657 6410.772422224877
4544.817764766531 -978.8819822308657 7047.64514317508
4632.2181063966555 -978.8819822308657 8016.110809854524
4719.61844802678 -978.8819822308657 7812.965436277394
4807.018789656907 -978.8819822308657 7910.399800516728
4894.4191312870325 -978.8819822308657 11034.186678162323
4981.819472917158 -978.8819822308657 11839.246886559507
5069.219814547282 -978.8819822308657 13681.972749566361
5156.62015617741 -978.8819822308657 14426.50979507089
5244.020497807534 -978.8819822308657 14192.41277468658
5331.42083943766 -978.8819822308657 19866.58044642846
5418.821181067785 -978.8819822308657 21258.73781693073
5506.2215226979115 -978.8819822308657 29197.056356789333
5593.621864328036 -978.8819822308657 28249.953921132717
5681.022205958163 -978.8819822308657 40907.6031214531
5768.422547588289 -978.8819822308657 30041.929235052536
5855.822889218414 -978.8819822308657 48511.922035183015
5943.22323084854 -978.8819822308657 44906.54217333504
6030.623572478665 -978.8819822308657 59478.354290651754
6118.023914108791 -978.8819822308657 73914.68814836672
6205.424255738916 -978.8819822308657 64546.556616615824
6292.824597369041 -978.8819822308657 45213.1082469124
6380.224938999167 -978.8819822308657 52047.085292644835
6467.625280629293 -978.8819822308657 50289.53968923999
6555.025622259419 -978.8819822308657 67140.34861385108
6642.425963889544 -978.8819822308657 72580.20358314819
6729.82630551967 -978.8819822308657 60850.75978825849
6817.226647149795 -978.8819822308657 57664.22674633743
6904.626988779921 -978.8819822308657 59686.49184157798
6992.0273304100465 -978.8819822308657 39796.52190302375
7079.427672040172 -978.8819822308657 35901.313008985846
7166.828013670295 -978.8819822308657 27479.37096110529
7254.228355300424 -978.8819822308657 26244.885801078126
7341.628696930549 -978.8819822308657 25709.483164526064
7429.029038560675 -978.8819822308657 25450.295264769604
7516.429380190799 -978.8819822308657 18817.094890111897
7603.8297218209245 -978.8819822308657 15948.167383328308
7691.23006345105 -978.8819822308657 9476.670222124969
7778.630405081177 -978.8819822308657 11297.377971254144
7866.0307467113025 -978.8819822308657 10919.397980998387
7953.431088341426 -978.8819822308657 13210.574556964328
8040.831429971552 -978.8819822308657 9628.822347381643
8128.231771601677 -978.8819822308657 9865.831020816693
8215.632113231806 -978.8819822308657 7667.256558239286
8303.03245486193 -978.8819822308657 6939.598066927812
8390.432796492054 -978.8819822308657 7408.642265018825
8477.833138122181 -978.8819822308657 6466.661755022761
8565.233479752305 -978.8819822308657 7678.718514926292
8652.633821382433 -978.8819822308657 6830.874554290771
8740.034163012557 -978.8819822308657 6461.940995489403
8827.434504642684 -978.8819822308657 6714.324384363615
8914.834846272808 -978.8819822308657 6546.726297539905
9002.235187902934 -978.8819822308657 5178.65430244823
9089.635529533061 -978.8819822308657 5774.4306803804475
9177.035871163185 -978.8819822308657 6099.423756552935
9264.436212793311 -978.8819822308657 5546.041987763457
9351.836554423437 -978.8819822308657 5848.693149859932
9439.23689605356 -978.8819822308657 5450.099001184645
9526.637237683686 -978.8819822308657 4616.69709644069
9614.037579313814 -978.8819822308657 5779.112394368923
9701.43792094394 -978.8819822308657 5894.937163574405
9788.838262574065 -978.8819822308657 5962.677874501127
9876.238604204189 -978.8819822308657 5195.179070568955
9963.638945834316 -978.8819822308657 6168.844315244715
10051.039287464442 -978.8819822308657 5049.188935734431
10138.439629094564 -978.8819822308657 5318.591115671999
10225.839970724694 -978.8819822308657 5747.165826232504
10313.24031235482 -978.8819822308657 4545.361455638053
10400.640653984943 -978.8819822308657 5205.043618663784
10488.040995615069 -978.8819822308657 4938.156839802326
10575.441337245196 -978.8819822308657 6514.061368468642
10662.84167887532 -978.8819822308657 5816.65590658007
10750.242020505446 -978.8819822308657 6529.49192271197
10837.64236213557 -978.8819822308657 6484.591978791367
10925.042703765697 -978.8819822308657 4929.767501373256
11012.443045395823 -978.8819822308657 5014.483952968123
11099.843387025947 -978.8819822308657 5885.648388156235
11187.243728656073 -978.8819822308657 6133.4205861926275
11274.6440702862 -978.8819822308657 5298.484152199737
11362.044411916326 -978.8819822308657 4813.447551410229
11449.444753546451 -978.8819822308657 7248.37025241682
11536.845095176577 -978.8819822308657 5463.844615301204
11624.245436806703 -978.8819822308657 6553.001979258588
11711.645778436829 -978.8819822308657 7087.889345212783
11799.04612006695 -978.8819822308657 6838.011966364995
11886.44646169708 -978.8819822308657 7787.684926283304
11973.846803327204 -978.8819822308657 6415.975256737832
12061.24714495733 -978.8819822308657 6030.580469665085
12148.647486587455 -978.8819822308657 6822.715559393718
12236.047828217583 -978.8819822308657 8431.13846590591
12323.448169847707 -978.8819822308657 9203.830256112906
12410.848511477832 -978.8819822308657 8169.410220708275
12498.24885310796 -978.8819822308657 8236.65637976304
12585.649194738082 -978.8819822308657 7233.440862233558
12673.049536368208 -978.8819822308657 8940.543824969365
12760.449877998333 -978.8819822308657 9326.16248629776
12847.85021962846 -978.8819822308657 9136.434052503326
12935.250561258586 -978.8819822308657 11088.473296825125
13022.65090288871 -978.8819822308657 10993.745354325996
13110.051244518838 -978.8819822308657 14146.78641106369
13197.451586148962 -978.8819822308657 13089.754534377245
13284.851927779087 -978.8819822308657 15537.914027147492
13372.252269409215 -978.8819822308657 14269.461998275026
13459.65261103934 -978.8819822308657 16386.087436271613
13547.052952669463 -978.8819822308657 23266.005945418106
13634.45329429959 -978.8819822308657 21810.7325727037
13721.853635929714 -978.8819822308657 17094.623986248524
13809.253977559842 -978.8819822308657 26769.218410060752
13896.654319189967 -978.8819822308657 38840.411459565825
13984.054660820093 -978.8819822308657 27521.258859988942
14071.455002450219 -978.8819822308657 39228.19735333744
14158.855344080344 -978.8819822308657 28472.339996906427
14246.255685710468 -978.8819822308657 45459.38210847232
14333.65602734059 -978.8819822308657 35072.1958756118
14421.056368970718 -978.8819822308657 48370.5185629028
14508.456710600847 -978.8819822308657 70123.71200745003
14595.857052230971 -978.8819822308657 104628.38469934378
14683.257393861099 -978.8819822308657 110079.89819589093
14770.657735491224 -978.8819822308657 138142.40338811575
14858.05807712135 -978.8819822308657 220247.44064035712
14945.458418751472 -978.8819822308657 265839.84100405994
15032.858760381598 -978.8819822308657 393031.55598098616
15120.259102011723 -978.8819822308657 566891.9195228558
15207.659443641849 -978.8819822308657 700877.0037730248
15295.059785271975 -978.8819822308657 675978.2115448344
15382.4601269021 -978.8819822308657 382367.91023604356
15469.860468532228 -978.8819822308657 573787.6510213016
15557.260810162354 -978.8819822308657 404328.98509877594
15644.66115179248 -978.8819822308657 107123.89671609127
15732.061493422605 -978.8819822308657 30370.97121902283
15819.46183505273 -978.8819822308657 367169.1706906706
15906.862176682853 -978.8819822308657 859224.1629980552
15994.262518312979 -978.8819822308657 847750.2605665128
16081.662859943104 -978.8819822308657 530849.5241645608
16169.06320157323 -978.8819822308657 432532.9858368292
16256.463543203354 -978.8819822308657 295479.4305771138
16343.863884833483 -978.8819822308657 224870.84134047994
16431.264226463612 -978.8819822308657 200944.57103205053
16518.664568093733 -978.8819822308657 143871.49396178653
16606.06490972386 -978.8819822308657 115465.55694627562
16693.465251353984 -978.8819822308657 83837.12565600956
16780.865592984108 -978.8819822308657 63939.08917241868
16868.265934614235 -978.8819822308657 43352.8935014911
16955.666276244363 -978.8819822308657 52733.87081232365
17043.06661787449 -978.8819822308657 34976.66791214284
17130.46695950461 -978.8819822308657 30222.927416732095
17217.867301134735 -978.8819822308657 35867.84820191721
17305.267642764866 -978.8819822308657 28629.025529680795
17392.66798439499 -978.8819822308657 23774.792905059505
17480.068326025113 -978.8819822308657 20131.097305984556
17567.46866765524 -978.8819822308657 18055.532721996406
17654.86900928537 -978.8819822308657 23701.204436855536
17742.269350915492 -978.8819822308657 17572.089259122775
17829.669692545616 -978.8819822308657 14551.351248073344
17917.07003417574 -978.8819822308657 15459.892524999495
18004.470375805868 -978.8819822308657 11424.8486720791
18091.87071743599 -978.8819822308657 11302.542172084397
18179.271059066123 -978.8819822308657 9332.286628331507
18266.671400696247 -978.8819822308657 10283.7160005787
18354.07174232637 -978.8819822308657 9001.99448682125
18441.472083956498 -978.8819822308657 8110.394418531823
18528.872425586622 -978.8819822308657 6377.361636407452
18616.27276721675 -978.8819822308657 6858.466258067816
18703.673108846873 -978.8819822308657 6011.996669338965
18791.073450476997 -978.8819822308657 5834.831708754315
18878.47379210712 -978.8819822308657 5439.233051242458
18965.87413373725 -978.8819822308657 5142.711033422033
19053.274475367372 -978.8819822308657 5462.723997979809
19140.674816997504 -978.8819822308657 4388.387867646746
19228.075158627627 -978.8819822308657 4117.5618703531245
19315.47550025775 -978.8819822308657 4583.397010570054
19402.87584188788 -978.8819822308657 4064.337542078929
19490.276183518003 -978.8819822308657 4632.727604083745
19577.67652514813 -978.8819822308657 3784.3287136834433
19665.076866778254 -978.8819822308657 3467.763190967997
19752.477208408378 -978.8819822308657 3631.4210280741145
19839.877550038505 -978.8819822308657 3947.9458536858365
19927.277891668633 -978.8819822308657 3957.5034828891394
20014.678233298753 -978.8819822308657 2883.8277103327305
20102.078574928884 -978.8819822308657 3284.4995967293803
20189.478916559012 -978.8819822308657 2787.3735277730166
20276.87925818913 -978.8819822308657 2983.8352058894748
20364.27959981926 -978.8819822308657 2536.7361421747055
20451.679941449387 -978.8819822308657 2590.4461341921606
20539.080283079515 -978.8819822308657 2968.107595065541
43.70017081506278 -1017.7599708076443 2774.8560667736956
131.10051244518834 -1017.7599708076443 3117.842134838117
218.50085407531395 -1017.7599708076443 3006.8071054065567
305.90119570543953 -1017.7599708076443 2261.3923275874927
393.30153733556506 -1017.7599708076443 2836.194359113224
480.70187896569064 -1017.7599708076443 2763.007317927925
568.1022205958163 -1017.7599708076443 3186.4508501590917
655.5025622259418 -1017.7599708076443 2657.4576393664724
742.9029038560675 -1017.7599708076443 2521.1777753707042
830.303245486193 -1017.7599708076443 2460.0729453250497
917.7035871163187 -1017.7599708076443 2878.205342259497
1005.103928746444 -1017.7599708076443 2664.024524979098
1092.5042703765696 -1017.7599708076443 2702.237096167192
1179.904612006695 -1017.7599708076443 2260.2221292003883
1267.3049536368205 -1017.7599708076443 2765.071950278532
1354.7052952669462 -1017.7599708076443 2912.6317247194493
1442.1056368970721 -1017.7599708076443 2365.8635241480524
1529.5059785271978 -1017.7599708076443 1708.1544405781913
1616.9063201573233 -1017.7599708076443 2408.8366605308197
1704.3066617874488 -1017.7599708076443 2439.1356240659925
1791.7070034175738 -1017.7599708076443 2568.91999076982
1879.1073450476997 -1017.7599708076443 2965.5039513949428
1966.5076866778256 -1017.7599708076443 1968.734342379298
2053.9080283079516 -1017.7599708076443 2723.662671974715
2141.3083699380763 -1017.7599708076443 1886.3357753046691
2228.708711568202 -1017.7599708076443 2414.0759977117677
2316.1090531983277 -1017.7599708076443 2390.4212559926987
2403.5093948284534 -1017.7599708076443 2265.379030440083
2490.909736458579 -1017.7599708076443 2305.018606582579
2578.310078088705 -1017.7599708076443 2632.401716113239
2665.71041971883 -1017.7599708076443 2952.1112563806946
2753.1107613489557 -1017.7599708076443 2409.0272014027355
2840.5111029790814 -1017.7599708076443 2699.066401948306
2927.911444609207 -1017.7599708076443 2592.873247648105
3015.3117862393324 -1017.7599708076443 2728.4639699563577
3102.712127869458 -1017.7599708076443 2806.7757950229293
3190.1124694995833 -1017.7599708076443 2821.231083161339
3277.5128111297095 -1017.7599708076443 3552.275844645435
3364.913152759835 -1017.7599708076443 3440.27401596294
3452.3134943899604 -1017.7599708076443 3382.8570633575932
3539.713836020086 -1017.7599708076443 3758.7667286647174
3627.114177650212 -1017.7599708076443 3624.449517083912
3714.5145192803375 -1017.7599708076443 3794.3520397900625
3801.9148609104623 -1017.7599708076443 4267.495402547404
3889.3152025405884 -1017.7599708076443 4953.139787192298
3976.715544170713 -1017.7599708076443 4533.890190424499
4064.1158858008384 -1017.7599708076443 4244.43376298892
4151.516227430965 -1017.7599708076443 5252.537843862923
4238.916569061091 -1017.7599708076443 5941.104941383641
4326.316910691216 -1017.7599708076443 6637.907699295445
4413.717252321342 -1017.7599708076443 7224.757546236805
4501.117593951467 -1017.7599708076443 6852.3447458469955
4588.517935581593 -1017.7599708076443 7278.153301771899
4675.918277211718 -1017.7599708076443 8118.642088894074
4763.318618841843 -1017.7599708076443 8339.873624975198
4850.71896047197 -1017.7599708076443 10204.050217756501
4938.1193021020945 -1017.7599708076443 13825.257700084756
5025.519643732221 -1017.7599708076443 12551.505312034873
5112.919985362347 -1017.7599708076443 13946.888172909386
