density.ecsv
# %ECSV 1.0
# ---
# datatype:
# - {name: ra, unit: deg, datatype: float64}
# - {name: dec, unit: deg, datatype: float64}
# - {name: density, datatype: float64}
# schema: astropy-2.0
ra dec density
[from data line 4932]
3351.803101515316 2837.148299471521 30407.682632680364
3454.935504638864 2837.148299471521 48219.32181533017
3558.0679077624122 2837.148299471521 32624.623507943044
3661.200310885961 2837.148299471521 38216.3913539084
3764.332714009509 2837.148299471521 41994.61370690134
3867.465117133057 2837.148299471521 28403.455558267433
3970.5975202566046 2837.148299471521 52622.87898356116
4073.7299233801537 2837.148299471521 50867.47471451519
4176.862326503701 2837.148299471521 54013.453927742776
4279.994729627249 2837.148299471521 44627.84268187153
4383.1271327507975 2837.148299471521 44892.045484451206
4486.259535874345 2837.148299471521 38731.32850196066
4589.391938997895 2837.148299471521 28874.72493808856
4692.524342121442 2837.148299471521 39341.742556087505
4795.656745244991 2837.148299471521 29696.464068915753
4898.789148368539 2837.148299471521 34995.86336461976
5001.921551492087 2837.148299471521 24977.331063880192
5105.053954615635 2837.148299471521 20108.09317554667
5208.186357739182 2837.148299471521 19517.970182272704
5311.318760862731 2837.148299471521 20096.628033648838
5414.451163986279 2837.148299471521 17326.101591724113
5517.5835671098275 2837.148299471521 15559.141309553446
5620.715970233376 2837.148299471521 14586.610175073596
5723.848373356925 2837.148299471521 10684.49282593833
5826.980776480473 2837.148299471521 11669.066541549702
5930.113179604021 2837.148299471521 9606.617921596791
6033.245582727568 2837.148299471521 11031.90141679257
6136.377985851116 2837.148299471521 10275.017345666076
6239.510388974665 2837.148299471521 7489.793464551426
6342.642792098213 2837.148299471521 7906.049699153502
6445.77519522176 2837.148299471521 6468.860080836244
6548.907598345309 2837.148299471521 6613.415214371704
6652.0400014688585 2837.148299471521 6498.163157250592
6755.172404592406 2837.148299471521 6146.006493514148
6858.304807715954 2837.148299471521 5425.187013318625
6961.437210839502 2837.148299471521 6387.0111362559865
7064.569613963051 2837.148299471521 6088.025018733737
7167.702017086599 2837.148299471521 5500.791028383076
7270.834420210146 2837.148299471521 4594.559326013549
7373.966823333696 2837.148299471521 3918.1000882884587
7477.099226457243 2837.148299471521 3367.415056104801
7580.231629580792 2837.148299471521 4088.7422771727256
7683.3640327043395 2837.148299471521 3426.8133791499563
7786.496435827888 2837.148299471521 3543.123780841116
7889.628838951437 2837.148299471521 3274.7485552037397
7992.761242074984 2837.148299471521 2989.2453548546787
8095.893645198531 2837.148299471521 3264.222620342059
8199.02604832208 2837.148299471521 2963.973715056434
8302.158451445628 2837.148299471521 3302.6496046438547
8405.290854569175 2837.148299471521 2517.216835827729
8508.423257692722 2837.148299471521 2652.737798880847
8611.555660816273 2837.148299471521 3026.016222125526
8714.68806393982 2837.148299471521 2965.284510949763
8817.82046706337 2837.148299471521 3282.51269088728
8920.952870186917 2837.148299471521 2827.4627093135505
9024.085273310464 2837.148299471521 2328.4753233776073
9127.217676434015 2837.148299471521 2586.465036647765
9230.350079557562 2837.148299471521 2547.3093609636803
9333.482482681111 2837.148299471521 2598.247543841422
9436.614885804658 2837.148299471521 2603.8864382425586
9539.747288928207 2837.148299471521 1757.7186936053024
9642.879692051756 2837.148299471521 2406.4546812742533
9746.012095175303 2837.148299471521 2370.7817022767736
9849.144498298852 2837.148299471521 2649.543033284967
9952.2769014224 2837.148299471521 2169.973023394931
10055.409304545949 2837.148299471521 2423.723860257936
10158.541707669496 2837.148299471521 2771.870976207123
10261.674110793043 2837.148299471521 2452.351380141886
10364.806513916592 2837.148299471521 3030.249707600014
10467.938917040141 2837.148299471521 2358.242718919387
10571.071320163688 2837.148299471521 2354.3608714768093
10674.203723287235 2837.148299471521 2458.8821519235207
10777.336126410784 2837.148299471521 2397.0752901601577
10880.468529534333 2837.148299471521 2687.140587977322
10983.600932657882 2837.148299471521 2283.7882221558134
11086.73333578143 2837.148299471521 2353.3144836907404
11189.865738904977 2837.148299471521 2407.1994090227718
11292.998142028526 2837.148299471521 2662.0780545627977
11396.130545152075 2837.148299471521 2429.987083225842
11499.262948275624 2837.148299471521 2422.698997550902
11602.395351399171 2837.148299471521 2209.2420542469
11705.527754522718 2837.148299471521 2574.253029277699
11808.660157646265 2837.148299471521 3254.581050555373
11911.792560769814 2837.148299471521 2774.8771970244434
12014.924963893363 2837.148299471521 3290.775955048932
12118.05736701691 2837.148299471521 3173.2765694827153
12221.189770140458 2837.148299471521 2859.0370947184247
12324.322173264005 2837.148299471521 2527.42714419692
12427.454576387556 2837.148299471521 3054.254773634922
12530.586979511105 2837.148299471521 2686.6387170105786
12633.719382634652 2837.148299471521 3299.3227261540337
12736.8517857582 2837.148299471521 3528.1882822831626
12839.984188881746 2837.148299471521 4192.7092302166575
12943.116592005297 2837.148299471521 3288.8701118538997
13046.248995128846 2837.148299471521 3667.2307890531915
13149.381398252395 2837.148299471521 2872.752076483946
13252.513801375942 2837.148299471521 4287.676022715949
13355.64620449949 2837.148299471521 4563.933212158306
13458.778607623039 2837.148299471521 4911.955131024982
13561.911010746588 2837.148299471521 3975.522530259668
13665.043413870135 2837.148299471521 4608.428266931387
13768.175816993682 2837.148299471521 4272.752023371442
13871.30822011723 2837.148299471521 4678.005839508057
13974.440623240778 2837.148299471521 4151.440878609657
14077.573026364329 2837.148299471521 4866.929617119024
14180.705429487876 2837.148299471521 4839.07391090834
14283.837832611423 2837.148299471521 5066.345650808031
14386.97023573497 2837.148299471521 5316.415707104658
14490.10263885852 2837.148299471521 6347.401845743983
14593.23504198207 2837.148299471521 6705.679799818841
14696.367445105616 2837.148299471521 6992.333893464717
14799.499848229165 2837.148299471521 6328.140111111293
14902.632251352714 2837.148299471521 7890.531572020477
15005.76465447626 2837.148299471521 7097.599964682386
15108.897057599808 2837.148299471521 7387.878070360818
15212.029460723357 2837.148299471521 8889.515899824233
15315.161863846906 2837.148299471521 8320.163014785237
15418.294266970455 2837.148299471521 9780.178764161377
15521.426670094 2837.148299471521 11710.077567433607
15624.55907321755 2837.148299471521 11470.343977102553
15727.691476341097 2837.148299471521 11020.127540000403
15830.823879464646 2837.148299471521 13440.866049525317
15933.956282588195 2837.148299471521 13964.285432591305
16037.08868571174 2837.148299471521 19415.61402790961
16140.22108883529 2837.148299471521 18694.164235381948
16243.353491958838 2837.148299471521 20261.01315317708
16346.485895082387 2837.148299471521 20392.7958049442
16449.618298205936 2837.148299471521 21027.516493028517
16552.75070132948 2837.148299471521 24715.285954029187
16655.88310445303 2837.148299471521 31704.87549367109
16759.01550757658 2837.148299471521 45436.17286710221
16862.14791070013 2837.148299471521 38423.06131385222
16965.280313823678 2837.148299471521 52220.59217779052
17068.412716947223 2837.148299471521 48424.024242766194
17171.545120070772 2837.148299471521 70671.76199840757
17274.67752319432 2837.148299471521 82081.59054720843
17377.809926317866 2837.148299471521 68912.29998869725
17480.942329441415 2837.148299471521 70149.64748082044
17584.07473256496 2837.148299471521 93411.9957887308
17687.207135688517 2837.148299471521 101320.28524731347
17790.339538812063 2837.148299471521 110116.88010112205
17893.47194193561 2837.148299471521 94112.23917017801
17996.60434505916 2837.148299471521 110976.46442666472
18099.736748182706 2837.148299471521 120628.5049987404
18202.869151306255 2837.148299471521 99548.69690870904
18306.001554429804 2837.148299471521 62265.346111263585
18409.13395755335 2837.148299471521 140526.80562989152
18512.2663606769 2837.148299471521 136570.09377637945
18615.398763800444 2837.148299471521 168343.8916706802
18718.531166923996 2837.148299471521 125850.23213740435
18821.66357004754 2837.148299471521 132285.24601548695
18924.79597317109 2837.148299471521 120076.2827138013
19027.92837629464 2837.148299471521 88851.37420251589
19131.060779418185 2837.148299471521 99883.45233050866
19234.193182541734 2837.148299471521 71506.21922937187
19337.325585665283 2837.148299471521 76723.34644288759
19440.45798878883 2837.148299471521 65350.67191397622
19543.59039191238 2837.148299471521 64379.5930107797
19646.722795035927 2837.148299471521 48796.62955189549
19749.855198159476 2837.148299471521 49764.01056823511
19852.987601283025 2837.148299471521 39564.82419697188
19956.120004406574 2837.148299471521 39553.56934614527
20059.252407530123 2837.148299471521 40647.021195530295
20162.384810653668 2837.148299471521 36173.53380336566
20265.517213777217 2837.148299471521 38857.35121391285
20368.649616900766 2837.148299471521 33956.527347851836
20471.782020024315 2837.148299471521 28720.764309312173
20574.914423147864 2837.148299471521 31242.699020437452
50.55509957036676 2788.6610755583642 30339.976683150384
151.66529871110026 2788.6610755583642 25999.82946581145
252.7754978518338 2788.6610755583642 24895.619784265127
353.8856969925673 2788.6610755583642 22852.06507265042
454.9958961333008 2788.6610755583642 28371.58084971582
556.1060952740343 2788.6610755583642 24742.106121962475
657.2162944147678 2788.6610755583642 22113.424777358512
758.3264935555013 2788.6610755583642 17549.523000458732
859.4366926962349 2788.6610755583642 22344.129430098394
960.5468918369684 2788.6610755583642 19737.039203759232
1061.657090977702 2788.6610755583642 25192.613060934193
1162.7672901184353 2788.6610755583642 21904.58036951313
1263.877489259169 2788.6610755583642 22747.938490228837
1364.9876883999025 2788.6610755583642 19337.21927211442
1466.097887540636 2788.6610755583642 23127.533769807025
1567.2080866813694 2788.6610755583642 20499.28477898316
1668.318285822103 2788.6610755583642 23681.494821376204
1769.4284849628364 2788.6610755583642 30990.82634602441
1870.53868410357 2788.6610755583642 28569.339135034206
1971.648883244303 2788.6610755583642 20443.784169430874
2072.759082385037 2788.6610755583642 28005.21771170355
2173.8692815257705 2788.6610755583642 30401.89213813535
2274.979480666504 2788.6610755583642 30326.88410544271
2376.0896798072376 2788.6610755583642 31266.85583531743
2477.199878947971 2788.6610755583642 31743.830096234084
2578.3100780887044 2788.6610755583642 32781.88750099399
2679.420277229438 2788.6610755583642 29769.6608376753
2780.5304763701715 2788.6610755583642 27541.847374391462
2881.6406755109047 2788.6610755583642 29477.996470566417
2982.7508746516382 2788.6610755583642 33870.73099306447
3083.861073792372 2788.6610755583642 38859.89255150647
3184.971272933106 2788.6610755583642 41744.04777755702
3286.0814720738394 2788.6610755583642 32478.659056218894
3387.1916712145726 2788.6610755583642 44154.90689389032
3488.3018703553066 2788.6610755583642 46043.01328048087
3589.4120694960397 2788.6610755583642 48201.82478188319
3690.522268636773 2788.6610755583642 44300.70255697644
3791.6324677775074 2788.6610755583642 39008.727347866945
3892.74266691824 2788.6610755583642 39457.865463341324
3993.8528660589745 2788.6610755583642 61460.46249077818
4094.963065199707 2788.6610755583642 48511.30601869375
4196.073264340442 2788.6610755583642 53751.8591698632
4297.183463481174 2788.6610755583642 43386.500838136344
4398.293662621908 2788.6610755583642 45202.4009129263
4499.403861762641 2788.6610755583642 45947.125513435465
4600.514060903375 2788.6610755583642 40168.924003571585
4701.624260044108 2788.6610755583642 43619.10368422075
4802.734459184842 2788.6610755583642 28511.60133269469
4903.844658325575 2788.6610755583642 28142.48425300489
5004.9548574663095 2788.6610755583642 22829.33155713747
5106.065056607043 2788.6610755583642 26044.71469877981
5207.175255747776 2788.6610755583642 21594.44835684268
5308.28545488851 2788.6610755583642 20368.797491672933
5409.395654029243 2788.6610755583642 15083.81003896754
5510.505853169976 2788.6610755583642 13619.336517833744
5611.61605231071 2788.6610755583642 13672.826718425047
5712.726251451443 2788.6610755583642 12697.957674430578
5813.836450592176 2788.6610755583642 11335.459313276802
5914.94664973291 2788.6610755583642 11655.005647609636
6016.0568488736435 2788.6610755583642 9237.941781166603
6117.1670480143775 2788.6610755583642 8962.638437883743
6218.277247155111 2788.6610755583642 7569.3327163462955
6319.387446295844 2788.6610755583642 7563.0716182675
6420.497645436578 2788.6610755583642 5971.034448352659
6521.607844577311 2788.6610755583642 5299.266707409638
6622.718043718045 2788.6610755583642 6913.437565128131
6723.828242858778 2788.6610755583642 5373.051169783904
6824.938441999511 2788.6610755583642 5781.159131747673
6926.048641140246 2788.6610755583642 6208.706912398645
7027.158840280979 2788.6610755583642 4391.229439908281
7128.269039421713 2788.6610755583642 5384.581005088856
7229.379238562446 2788.6610755583642 5473.054254956047
7330.48943770318 2788.6610755583642 4116.226961920561
7431.599636843914 2788.6610755583642 4303.435515191796
7532.709835984647 2788.6610755583642 3824.915013473843
7633.820035125381 2788.6610755583642 3830.4992234942047
7734.930234266114 2788.6610755583642 3095.6145160001315
7836.040433406846 2788.6610755583642 3651.403405321252
7937.150632547581 2788.6610755583642 3669.832027261089
8038.260831688315 2788.6610755583642 3276.8221497561503
8139.371030829047 2788.6610755583642 2675.2838110868265
8240.48122996978 2788.6610755583642 2613.9567169904303
8341.591429110515 2788.6610755583642 2960.608960188733
8442.701628251249 2788.6610755583642 3292.3398127013093
8543.811827391983 2788.6610755583642 2973.674203764625
8644.922026532715 2788.6610755583642 2534.3796411259755
8746.032225673449 2788.6610755583642 2488.906843172718
8847.142424814181 2788.6610755583642 2377.2746868588288
8948.252623954917 2788.6610755583642 2873.761883294499
9049.36282309565 2788.6610755583642 2739.9072837250033
9150.473022236383 2788.6610755583642 2850.995196426492
9251.583221377115 2788.6610755583642 2479.724449062291
9352.69342051785 2788.6610755583642 2590.3877064294616
9453.803619658585 2788.6610755583642 2801.1893693451807
9554.913818799318 2788.6610755583642 2367.1140980505975
9656.02401794005 2788.6610755583642 2818.4694195947363
9757.134217080784 2788.6610755583642 1984.6988399051056
9858.244416221518 2788.6610755583642 2071.290220939312
9959.35461536225 2788.6610755583642 1844.9524942176533
10060.464814502984 2788.6610755583642 2785.978301529715
10161.575013643718 2788.6610755583642 2457.2983525958143
10262.685212784452 2788.6610755583642 2397.470792270033
10363.795411925184 2788.6610755583642 2288.716347551626
10464.905611065917 2788.6610755583642 2702.7552032985427
10566.015810206653 2788.6610755583642 2088.794195620915
10667.126009347387 2788.6610755583642 2587.3183208556416
10768.236208488119 2788.6610755583642 3004.7844872412857
10869.346407628851 2788.6610755583642 2968.7413933493876
10970.456606769585 2788.6610755583642 2309.9491062590964
11071.56680591032 2788.6610755583642 2608.8699244249046
11172.677005051053 2788.6610755583642 2484.9992083438365
11273.787204191787 2788.6610755583642 2816.7646419485995
11374.89740333252 2788.6610755583642 2313.493666230771
11476.007602473253 2788.6610755583642 2685.368326761972
11577.117801613986 2788.6610755583642 2904.1745118850654
11678.228000754722 2788.6610755583642 2594.297475920766
11779.338199895454 2788.6610755583642 2622.424243869411
11880.448399036188 2788.6610755583642 2359.5294368062537
11981.558598176922 2788.6610755583642 3065.7828994535535
12082.668797317654 2788.6610755583642 2886.1567835982814
12183.778996458388 2788.6610755583642 2948.106348967276
