density.ecsv
# %ECSV 1.0
# ---
# datatype:
# - {name: ra, unit: deg, datatype: float64}
# - {name: dec, unit: deg, datatype: float64}
# - {name: density, datatype: float64}
# schema: astropy-2.0
ra dec density
[from data line 24043]
18135.57088825106 -483.9713802880053 13830.061422506671
18222.97122988118 -483.9713802880053 9648.5266268989
18310.371571511307 -483.9713802880053 8866.232159192159
18397.771913141434 -483.9713802880053 7911.961929851441
18485.17225477156 -483.9713802880053 7735.317248525853
18572.572596401682 -483.9713802880053 7477.3943776085325
18659.972938031813 -483.9713802880053 7717.5241290153845
18747.373279661937 -483.9713802880053 6680.917750616397
18834.77362129206 -483.9713802880053 6761.472531590211
18922.17396292219 -483.9713802880053 5412.7279588987485
19009.574304552312 -483.9713802880053 4625.095996862796
19096.974646182443 -483.9713802880053 5975.2072976587915
19184.374987812567 -483.9713802880053 5346.404735329672
19271.775329442688 -483.9713802880053 4709.8384309527555
19359.17567107281 -483.9713802880053 4454.265258160349
19446.57601270294 -483.9713802880053 4098.6064940696415
19533.976354333066 -483.9713802880053 3960.330036566915
19621.376695963194 -483.9713802880053 4605.417594822834
19708.77703759332 -483.9713802880053 3483.973388165053
19796.17737922344 -483.9713802880053 3520.136358301607
19883.57772085357 -483.9713802880053 3281.8201257881547
19970.978062483693 -483.9713802880053 3351.9239485773724
20058.37840411382 -483.9713802880053 2992.9269066571655
20145.778745743948 -483.9713802880053 3301.0183430248026
20233.17908737407 -483.9713802880053 2941.082982819324
20320.579429004196 -483.9713802880053 2166.522708350036
20407.979770634323 -483.9713802880053 2976.764656261421
20495.380112264444 -483.9713802880053 3111.8838919677864
20582.780453894575 -483.9713802880053 3668.3187025821308
0.0 -521.5047089526798 2699.0174354614287
87.40034163012557 -521.5047089526798 2677.866209288562
174.80068326025113 -521.5047089526798 2763.5329869427906
262.2010248903767 -521.5047089526798 2865.903407742548
349.60136652050227 -521.5047089526798 2634.8553661491605
437.0017081506279 -521.5047089526798 2979.766048221408
524.4020497807534 -521.5047089526798 2649.576613030367
611.8023914108791 -521.5047089526798 2837.773675718515
699.2027330410045 -521.5047089526798 3130.8434027852395
786.6030746711301 -521.5047089526798 1995.2671987445572
874.0034163012558 -521.5047089526798 3339.8923320681115
961.4037579313813 -521.5047089526798 3073.578026134121
1048.8040995615067 -521.5047089526798 2896.125105514358
1136.2044411916327 -521.5047089526798 2820.6750755675057
1223.6047828217581 -521.5047089526798 2671.8794667189013
1311.0051244518836 -521.5047089526798 2961.5681944695293
1398.405466082009 -521.5047089526798 2839.1166579957558
1485.805807712135 -521.5047089526798 1849.9509809400893
1573.2061493422602 -521.5047089526798 1910.8504424375726
1660.606490972386 -521.5047089526798 1728.906085289924
1748.0068326025116 -521.5047089526798 2324.961658937248
1835.4071742326373 -521.5047089526798 3225.8070693837453
1922.8075158627626 -521.5047089526798 3100.1971900577696
2010.207857492888 -521.5047089526798 2879.4912765603617
2097.6081991230135 -521.5047089526798 2425.6431050104993
2185.008540753139 -521.5047089526798 2690.225913073421
2272.4088823832653 -521.5047089526798 2286.528278248951
2359.80922401339 -521.5047089526798 2784.963517867703
2447.2095656435163 -521.5047089526798 2405.200855588468
2534.609907273641 -521.5047089526798 2304.2191917897585
2622.010248903767 -521.5047089526798 2642.8480659345755
2709.4105905338924 -521.5047089526798 2612.4475932529535
2796.810932164018 -521.5047089526798 2799.505852802315
2884.2112737941443 -521.5047089526798 2597.1917585699357
2971.61161542427 -521.5047089526798 2757.1553747577336
3059.0119570543957 -521.5047089526798 3294.9471931400917
3146.4122986845205 -521.5047089526798 3404.122625145211
3233.8126403146466 -521.5047089526798 2714.300571966837
3321.212981944772 -521.5047089526798 3402.775661585366
3408.6133235748975 -521.5047089526798 3557.7551073693435
3496.0136652050232 -521.5047089526798 3441.2893386018
3583.4140068351476 -521.5047089526798 3970.6378897603518
3670.8143484652746 -521.5047089526798 3656.763351686707
3758.2146900953994 -521.5047089526798 3967.964678243044
3845.615031725525 -521.5047089526798 6021.045803564445
3933.0153733556513 -521.5047089526798 4754.218056242292
4020.415714985776 -521.5047089526798 5496.600535718063
4107.816056615903 -521.5047089526798 5879.3528782530475
4195.216398246027 -521.5047089526798 5753.02489771836
4282.616739876153 -521.5047089526798 6628.509744002767
4370.017081506278 -521.5047089526798 6513.616179468311
4457.417423136404 -521.5047089526798 7555.008951355494
4544.817764766531 -521.5047089526798 7373.1531876218505
4632.2181063966555 -521.5047089526798 8156.3710366382775
4719.61844802678 -521.5047089526798 9139.40856819024
4807.018789656907 -521.5047089526798 13095.302822694235
4894.4191312870325 -521.5047089526798 5285.873175149064
4981.819472917158 -521.5047089526798 11450.513365700528
5069.219814547282 -521.5047089526798 13540.80913334067
5156.62015617741 -521.5047089526798 19964.811458314525
5244.020497807534 -521.5047089526798 17689.12454667158
5331.42083943766 -521.5047089526798 20814.690931903726
5418.821181067785 -521.5047089526798 26408.501629073482
5506.2215226979115 -521.5047089526798 27657.2161678865
5593.621864328036 -521.5047089526798 26095.255275499898
5681.022205958163 -521.5047089526798 36609.606098966884
5768.422547588289 -521.5047089526798 39276.79332589225
5855.822889218414 -521.5047089526798 50515.93233321878
5943.22323084854 -521.5047089526798 61004.48574833913
6030.623572478665 -521.5047089526798 49053.88675945434
6118.023914108791 -521.5047089526798 59754.43636595062
6205.424255738916 -521.5047089526798 55661.984166113405
6292.824597369041 -521.5047089526798 64852.96115258845
6380.224938999167 -521.5047089526798 72513.80401492432
6467.625280629293 -521.5047089526798 54743.87074547376
6555.025622259419 -521.5047089526798 47969.30274525205
6642.425963889544 -521.5047089526798 32299.387245483813
6729.82630551967 -521.5047089526798 33943.717991643134
6817.226647149795 -521.5047089526798 30250.355406608927
6904.626988779921 -521.5047089526798 26252.440907125136
6992.0273304100465 -521.5047089526798 21184.77976968861
7079.427672040172 -521.5047089526798 18870.221888686523
7166.828013670295 -521.5047089526798 18222.704385929937
7254.228355300424 -521.5047089526798 16421.367436020646
7341.628696930549 -521.5047089526798 14405.361776045787
7429.029038560675 -521.5047089526798 13644.172903879458
7516.429380190799 -521.5047089526798 11300.634609286915
7603.8297218209245 -521.5047089526798 13021.677256491614
7691.23006345105 -521.5047089526798 10510.342678488378
7778.630405081177 -521.5047089526798 10304.178098587594
7866.0307467113025 -521.5047089526798 8247.14169612119
7953.431088341426 -521.5047089526798 6846.407066118918
8040.831429971552 -521.5047089526798 6127.450242897547
8128.231771601677 -521.5047089526798 5974.964628633652
8215.632113231806 -521.5047089526798 5551.539336534911
8303.03245486193 -521.5047089526798 6901.9502433435855
8390.432796492054 -521.5047089526798 6825.966278519281
8477.833138122181 -521.5047089526798 4857.709082291383
8565.233479752305 -521.5047089526798 4173.903867128124
8652.633821382433 -521.5047089526798 5220.706842921805
8740.034163012557 -521.5047089526798 4102.52874458635
8827.434504642684 -521.5047089526798 3967.36985739061
8914.834846272808 -521.5047089526798 3746.9662014489863
9002.235187902934 -521.5047089526798 3988.1798890094756
9089.635529533061 -521.5047089526798 4032.018909229239
9177.035871163185 -521.5047089526798 4210.877749954842
9264.436212793311 -521.5047089526798 3637.8021450221763
9351.836554423437 -521.5047089526798 4390.039890829162
9439.23689605356 -521.5047089526798 4980.674968728255
9526.637237683686 -521.5047089526798 4221.323526543051
9614.037579313814 -521.5047089526798 3476.1635598765956
9701.43792094394 -521.5047089526798 4251.257613015416
9788.838262574065 -521.5047089526798 4328.820671082335
9876.238604204189 -521.5047089526798 4308.124499900403
9963.638945834316 -521.5047089526798 4143.034057497348
10051.039287464442 -521.5047089526798 6689.642523643735
10138.439629094564 -521.5047089526798 5015.9628606166125
10225.839970724694 -521.5047089526798 4076.244144791357
10313.24031235482 -521.5047089526798 4011.214320076514
10400.640653984943 -521.5047089526798 4438.225249852684
10488.040995615069 -521.5047089526798 3807.9738922574174
10575.441337245196 -521.5047089526798 4905.218703963123
10662.84167887532 -521.5047089526798 6044.9234722578485
10750.242020505446 -521.5047089526798 4956.079849088009
10837.64236213557 -521.5047089526798 5406.314833943599
10925.042703765697 -521.5047089526798 6292.976691212787
11012.443045395823 -521.5047089526798 4756.579950223979
11099.843387025947 -521.5047089526798 4262.318592848801
11187.243728656073 -521.5047089526798 4598.968250191056
11274.6440702862 -521.5047089526798 4983.165361940378
11362.044411916326 -521.5047089526798 4604.902284184828
11449.444753546451 -521.5047089526798 4848.111000697607
11536.845095176577 -521.5047089526798 4473.986348057397
11624.245436806703 -521.5047089526798 5192.056982815074
11711.645778436829 -521.5047089526798 4826.543139983278
11799.04612006695 -521.5047089526798 4508.660494401124
11886.44646169708 -521.5047089526798 4516.654019421331
11973.846803327204 -521.5047089526798 5500.796842751383
12061.24714495733 -521.5047089526798 5645.507429964538
12148.647486587455 -521.5047089526798 5975.866679856393
12236.047828217583 -521.5047089526798 5935.640494154654
12323.448169847707 -521.5047089526798 5416.032017665044
12410.848511477832 -521.5047089526798 6367.645735306528
12498.24885310796 -521.5047089526798 6181.889482027889
12585.649194738082 -521.5047089526798 6986.127051966095
12673.049536368208 -521.5047089526798 6922.644394974733
12760.449877998333 -521.5047089526798 6277.680300257318
12847.85021962846 -521.5047089526798 7799.105202615346
12935.250561258586 -521.5047089526798 9503.88167955197
13022.65090288871 -521.5047089526798 9992.862708662902
13110.051244518838 -521.5047089526798 7581.167909567065
13197.451586148962 -521.5047089526798 11434.553978892685
13284.851927779087 -521.5047089526798 11775.947922632364
13372.252269409215 -521.5047089526798 11047.512579318522
13459.65261103934 -521.5047089526798 12051.494426422321
13547.052952669463 -521.5047089526798 13573.375510890872
13634.45329429959 -521.5047089526798 11034.295037491287
13721.853635929714 -521.5047089526798 16771.21181679641
13809.253977559842 -521.5047089526798 15128.105846456338
13896.654319189967 -521.5047089526798 15561.962124718304
13984.054660820093 -521.5047089526798 16431.933067343092
14071.455002450219 -521.5047089526798 19893.03795186894
14158.855344080344 -521.5047089526798 18711.11941536642
14246.255685710468 -521.5047089526798 25446.46569681255
14333.65602734059 -521.5047089526798 29270.852734598462
14421.056368970718 -521.5047089526798 28559.67147377882
14508.456710600847 -521.5047089526798 24581.35716357833
14595.857052230971 -521.5047089526798 38048.206068850515
14683.257393861099 -521.5047089526798 34286.88218261506
14770.657735491224 -521.5047089526798 39561.12104361486
14858.05807712135 -521.5047089526798 49916.297754973406
14945.458418751472 -521.5047089526798 51283.666881711266
15032.858760381598 -521.5047089526798 33191.30183607322
15120.259102011723 -521.5047089526798 73534.83551131304
15207.659443641849 -521.5047089526798 40534.76980710491
15295.059785271975 -521.5047089526798 82249.14557106754
15382.4601269021 -521.5047089526798 139688.29249667222
15469.860468532228 -521.5047089526798 114273.181340065
15557.260810162354 -521.5047089526798 154050.63971801996
15644.66115179248 -521.5047089526798 174855.00512705042
15732.061493422605 -521.5047089526798 222277.89197116444
15819.46183505273 -521.5047089526798 118515.7640431535
15906.862176682853 -521.5047089526798 154196.90620631873
15994.262518312979 -521.5047089526798 146186.43785477118
16081.662859943104 -521.5047089526798 509446.30560502154
16169.06320157323 -521.5047089526798 588826.2138029046
16256.463543203354 -521.5047089526798 647051.7594682018
16343.863884833483 -521.5047089526798 336930.6680573596
16431.264226463612 -521.5047089526798 222334.83101793798
16518.664568093733 -521.5047089526798 195611.384871416
16606.06490972386 -521.5047089526798 134766.23234153545
16693.465251353984 -521.5047089526798 112598.31116769105
16780.865592984108 -521.5047089526798 96297.97028269395
16868.265934614235 -521.5047089526798 75797.87428691052
16955.666276244363 -521.5047089526798 59784.6792798907
17043.06661787449 -521.5047089526798 63154.68879072403
17130.46695950461 -521.5047089526798 44265.497765707194
17217.867301134735 -521.5047089526798 44001.32456576286
17305.267642764866 -521.5047089526798 38432.84078751027
17392.66798439499 -521.5047089526798 31235.194020604293
17480.068326025113 -521.5047089526798 28393.244336208078
17567.46866765524 -521.5047089526798 24492.646615136153
17654.86900928537 -521.5047089526798 16856.304800807837
17742.269350915492 -521.5047089526798 22141.043140017176
17829.669692545616 -521.5047089526798 17750.11041520667
17917.07003417574 -521.5047089526798 14475.81532784996
18004.470375805868 -521.5047089526798 15103.260611017158
18091.87071743599 -521.5047089526798 10731.700219717966
18179.271059066123 -521.5047089526798 10919.10433086206
18266.671400696247 -521.5047089526798 11192.261997823467
18354.07174232637 -521.5047089526798 8501.362746584904
18441.472083956498 -521.5047089526798 8404.868645660186
18528.872425586622 -521.5047089526798 7942.594094377959
18616.27276721675 -521.5047089526798 8024.789518570926
18703.673108846873 -521.5047089526798 6481.425956909791
18791.073450476997 -521.5047089526798 5747.9870552332495
18878.47379210712 -521.5047089526798 5288.250258165751
18965.87413373725 -521.5047089526798 5401.1480421044125
19053.274475367372 -521.5047089526798 4965.840721992151
19140.674816997504 -521.5047089526798 4780.672693311608
19228.075158627627 -521.5047089526798 5133.085361177231
19315.47550025775 -521.5047089526798 4186.9338127452775
19402.87584188788 -521.5047089526798 4245.893479902889
19490.276183518003 -521.5047089526798 4098.857877106697
19577.67652514813 -521.5047089526798 4456.107899078487
19665.076866778254 -521.5047089526798 3148.941939750367
19752.477208408378 -521.5047089526798 3772.113367801903
19839.877550038505 -521.5047089526798 3816.989249690387
19927.277891668633 -521.5047089526798 3532.60138725936
20014.678233298753 -521.5047089526798 3520.76602725947
20102.078574928884 -521.5047089526798 2818.952607900889
20189.478916559012 -521.5047089526798 2559.736299526016
20276.87925818913 -521.5047089526798 3066.632716354436
20364.27959981926 -521.5047089526798 3441.68153827226
20451.679941449387 -521.5047089526798 2590.371585072912
20539.080283079515 -521.5047089526798 2961.34226375816
43.70017081506278 -559.1069183210808 2711.313872947736
131.10051244518834 -559.1069183210808 3245.451180053966
218.50085407531395 -559.1069183210808 2778.661283989423
305.90119570543953 -559.1069183210808 2730.6551737337268
393.30153733556506 -559.1069183210808 2698.424150468346
480.70187896569064 -559.1069183210808 2145.143084446814
568.1022205958163 -559.1069183210808 2865.7628577571368
655.5025622259418 -559.1069183210808 3249.272204517293
742.9029038560675 -559.1069183210808 2934.5782194142885
830.303245486193 -559.1069183210808 2679.2523019672076
917.7035871163187 -559.1069183210808 2693.843806566355
1005.103928746444 -559.1069183210808 2995.0775530415144
1092.5042703765696 -559.1069183210808 2815.0744783128166
1179.904612006695 -559.1069183210808 2549.6832430058143
1267.3049536368205 -559.1069183210808 2889.618854205035
1354.7052952669462 -559.1069183210808 1976.8186058456395
1442.1056368970721 -559.1069183210808 3195.8144192305717
1529.5059785271978 -559.1069183210808 2907.639385185693
1616.9063201573233 -559.1069183210808 1913.4481964436009
1704.3066617874488 -559.1069183210808 2632.9492204939115
1791.7070034175738 -559.1069183210808 2550.8007619435575
